924403216, 962302441
924464025, 944640225
924524836, 228493456
924524836, 423824569
924524836, 542284369
924524836, 644398225
924585649, 245956489
924585649, 458259649
924585649, 582449956
924707281, 241087729
924707281, 277289104
924707281, 477029281
924768100, 124768900
924768100, 208109476
924768100, 726140809
924768100, 728946001
924768100, 897062401
924768100, 987216400
924828921, 212488929
924828921, 219988224
924828921, 229249881
924828921, 291282489
924889744, 298874944
924950569, 649995025
924950569, 949502596
925011396, 105329169
925011396, 135699201
925011396, 209351961
925011396, 311699025
925011396, 356190129
925011396, 399560121
925011396, 501132996
925011396, 501939216
925011396, 635191209
925011396, 910651329
925011396, 939116025
925133056, 235039561
925133056, 253319056
925133056, 531025936
925254724, 725494225
925315561, 113955625
925315561, 119355625
925315561, 119552356
925315561, 155351296
925315561, 319515625
925315561, 521391556
925376400, 253764900
925376400, 359026704
925376400, 502073649
925376400, 567392400
925376400, 607523904
925376400, 743652900
925376400, 970634025
925437241, 251793424
925437241, 425473129
925437241, 543729124
925498084, 482549089
925498084, 492085489
925498084, 948948025
925619776, 196756729
925619776, 217975696
925619776, 295977616
925619776, 677196529
925619776, 679592761
925619776, 719526976
925619776, 729756196
925680625, 295668025
925680625, 568202569
925741476, 294774561
925741476, 454712976
925741476, 546717924
925863184, 186923584
925863184, 265983481
925863184, 298563841
925863184, 328189456
925863184, 328841956
925863184, 358269184
925863184, 512388496
925863184, 819562384
925863184, 828345961
925863184, 886431529
925924041, 120494529
925924041, 229159044
925924041, 920454921
925984900, 905829409
926045761, 207561649
926045761, 210946576
926045761, 276091456
926045761, 479566201
926045761, 609546721
926045761, 761042569
926045761, 917605264
926167489, 147962896
926167489, 192987664
926167489, 196476289
926167489, 287946961
926167489, 289476196
926167489, 789216649
926167489, 792816649
926167489, 894667921
926228356, 236698225
926350096, 259306609
926350096, 263965009
926350096, 926593600
926410969, 129640996
926471844, 124478649
926471844, 124947684
926471844, 144648729
926471844, 194267844
926471844, 297148644
926471844, 416894724
926471844, 429484176
926471844, 474891264
926471844, 674492841
926471844, 729648144
926471844, 786129444
926471844, 796424841
926471844, 948147264
926532721, 193627225
926532721, 221295376
926532721, 252937216
926593600, 259306609
926593600, 263965009
926593600, 926350096
926654481, 129686544
926654481, 144865296
926654481, 164249856
926654481, 165482496
926654481, 196448256
926654481, 214856964
926654481, 256448196
926654481, 264485169
926654481, 265461849
926654481, 284461956
926654481, 514926864
926654481, 569681424
926654481, 569824641
926654481, 616429584
926654481, 621654489
926654481, 648415296
926654481, 849256164
926715364, 173264569
926715364, 231465796
926715364, 247653169
926715364, 247936516
926715364, 251634769
926715364, 375661924
926715364, 656743129
926715364, 675324169
926715364, 754216369
926715364, 942735616
926776249, 962674729
926837136, 136328976
926837136, 137663289
926837136, 782936361
926898025, 698809225
926898025, 898620529
926958916, 659821969
927019809, 917908209
927019809, 990172089
927019809, 997928100
927080704, 820707904
927080704, 870427009
927141601, 120714169
927141601, 409617121
927202500, 720922500
927202500, 902702025
927263401, 124032769
927263401, 213247609
927263401, 309126724
927263401, 701296324
927263401, 704212369
927263401, 706124329
927385209, 238795209
927385209, 789329025
927385209, 973252809
927446116, 149426176
927446116, 171426649
927446116, 211469764
927446116, 217916644
927446116, 267944161
927446116, 426711649
927446116, 616479241
927446116, 617124964
927446116, 642419716
927507025, 205779025
927507025, 279057025
927507025, 977500225
927567936, 236759769
927567936, 297769536
927567936, 369677529
927567936, 526977936
927567936, 677925369
927567936, 769729536
927567936, 773562969
927567936, 796763529
927567936, 956293776
927567936, 993762576
927628849, 227496889
927628849, 282979684
927628849, 828979264
927628849, 869247289
927628849, 878292496
927689764, 669877924
927689764, 678967249
927689764, 726679849
927750681, 102758769
927750681, 172580769
927750681, 285170769
927750681, 507871296
927750681, 708251769
927750681, 759608721
927750681, 772895601
927750681, 782097156
927750681, 871607529
927811600, 110607289
927811600, 176810209
927811600, 600789121
927811600, 697012801
927811600, 972816100
927872521, 177289225
927872521, 187279225
927872521, 298771225
927872521, 782712529
927872521, 877522129
927933444, 427993344
927933444, 443397249
927933444, 493372944
927933444, 923734449
928055296, 685025929
928116225, 129618225
928116225, 259822161
928116225, 296218521
928177156, 125978176
928177156, 167987521
928177156, 719258761
928177156, 721781956
928177156, 918756721
928177156, 982571716
928420900, 290089024
928542784, 724524889
928542784, 947285284
928603729, 387026929
928603729, 837292096
928664676, 268697664
928786576, 768786529
928786576, 868657729
928847529, 279825984
928847529, 289952784
928847529, 429857289
928847529, 784952289
928847529, 825297984
928908484, 948208849
928908484, 948824809
928969441, 142969849
929030400, 399200400
929091361, 139169209
929091361, 693110929
929152324, 124925329
929152324, 349129225
929152324, 934219225
929274256, 692479225
929457169, 427951969
929457169, 496799521
929518144, 115949824
929518144, 918514249
929579121, 199572129
929640100, 124099600
929640100, 129049600
929701081, 992187001
929762064, 276024996
929762064, 766902249
929823049, 940832929
929884036, 203689984
929884036, 243890689
929884036, 296803984
929884036, 298840369
929884036, 348680929
929884036, 829036849
929884036, 843089296
930067009, 600397009
930128004, 100340289
930128004, 103428900
930128004, 130028409
930128004, 143280900
930128004, 203148009
930128004, 203918400
930128004, 289034001
930128004, 289340100
930128004, 324108009
930128004, 381420900
930128004, 901080324
930128004, 910832400
930189001, 390181009
930250000, 305200900
930250000, 900300025
930250000, 903002500
930311001, 110313009
930372004, 379003024
930372004, 420373009
930494016, 140493609
930494016, 319694400
930494016, 369100944
930494016, 394419600
930494016, 414936900
930494016, 993006144
930677049, 300779649
930677049, 790340769
930677049, 947039076
930738064, 338670409
930738064, 363970084
930738064, 373648900
930738064, 833476900
930860100, 136890000
930860100, 183060900
930860100, 960380100
930921121, 111239209
930921121, 199120321
930921121, 209931121
930982144, 124389409
930982144, 130484929
930982144, 182439049
930982144, 381499024
930982144, 390892441
930982144, 399120484
930982144, 418939024
930982144, 449312809
930982144, 481934209
930982144, 498093124
930982144, 832149409
930982144, 914034289
930982144, 990423841
931043169, 130919364
931043169, 136399041
931043169, 149303961
931043169, 919363041
931043169, 931409361
931104196, 130119649
931165225, 695113225
931226256, 239166225
931226256, 252619236
931226256, 292615236
931226256, 326922561
931226256, 369216225
931226256, 619263225
931348324, 333829441
931348324, 389233441
931348324, 433389124
931409361, 130919364
931409361, 136399041
931409361, 149303961
931409361, 919363041
931409361, 931043169
931531441, 911315344
931592484, 149523984
931592484, 189943524
931592484, 219543489
931592484, 314459289
931592484, 429359841
931592484, 435849129
931592484, 541399824
931592484, 983951424
931653529, 339259561
931653529, 352951369
931653529, 391525369
931653529, 965531329
931714576, 417957136
931714576, 511347769
931714576, 573794116
931714576, 735114769
931714576, 747311569
931775625, 125753796
931775625, 257795136
931775625, 579172356
931775625, 735657129
931775625, 751527396
931775625, 757295361
931836676, 368793616
931897729, 139877929
931958784, 138579984
931958784, 491375889
931958784, 738915489
931958784, 781593849
932019841, 131492089
932019841, 139192804
932019841, 148913209
932019841, 384199201
932019841, 814931209
932019841, 899340121
932080900, 209380900
932141961, 192349161
932141961, 619113924
932141961, 991116324
932203024, 209323024
932264089, 220938496
932264089, 299082436
932264089, 429028369
932264089, 982320964
932325156, 136539225
932325156, 255392361
932325156, 263315529
932325156, 621355329
932325156, 655923321
932386225, 286523329
932447296, 229734649
932508369, 659308329
932508369, 699338025
932569444, 454243969
932630521, 235960321
932630521, 303212569
932630521, 320195236
932630521, 523906321
932691600, 136960209
932691600, 162639009
932691600, 299636100
932752681, 189227536
932752681, 263185729
932752681, 523219876
932752681, 632975281
932752681, 753282916
932752681, 758231296
932752681, 875923216
932813764, 137639824
932813764, 214798336
932813764, 318372649
932813764, 368371249
932813764, 387932416
932813764, 398321764
932813764, 431683729
932813764, 713263849
932813764, 723394816
932813764, 896343721
932874849, 743489289
932935936, 359329936
932997025, 572309929
932997025, 939729025
933058116, 113358609
933058116, 138509361
933058116, 151363809
933058116, 538193601
933058116, 815330916
933241401, 113039424
933241401, 123143409
933241401, 130439241
933241401, 134304921
933241401, 303491241
933302500, 903303025
933363601, 903363136
933424704, 239073444
933424704, 404733924
933424704, 492307344
933485809, 389983504
933546916, 135396496
933546916, 614395369
933608025, 320983056
933608025, 350326089
933608025, 382593600
933608025, 633528900
933669136, 163993636
933791364, 193933476
933791364, 343397961
933852481, 354983281
933852481, 389351824
933913600, 319336900
933974721, 719473329
934035844, 534904384
934035844, 853340944
934158096, 135908964
934158096, 185340996
934158096, 316590849
934158096, 349091856
934158096, 389904516
934158096, 409819536
934158096, 439615089
934158096, 495908361
934158096, 503418969
934158096, 531948096
934158096, 590198436
934158096, 651934089
934158096, 861539904
934219225, 124925329
934219225, 349129225
934219225, 929152324
934280356, 235683904
934280356, 263835049
934280356, 339480625
934280356, 360354289
934280356, 383964025
934280356, 438693025
934280356, 690533284
934280356, 803325649
934280356, 934830625
934341489, 331494849
934402624, 206439424
934402624, 346220449
934402624, 424236409
934463761, 331676944
934463761, 643941376
934463761, 691374436
934524900, 294053904
934524900, 342509049
934524900, 590344209
934586041, 103469584
934586041, 160985344
934586041, 194658304
934586041, 306985441
934586041, 434180569
934586041, 464531809
934586041, 495463081
934586041, 504316849
934586041, 510398464
934586041, 543869041
934586041, 610435849
934586041, 683195044
934586041, 801569344
934647184, 418447936
934647184, 463497841
934647184, 479434816
934647184, 947346841
934708329, 390734289
934708329, 480793329
934769476, 747639649
934830625, 235683904
934830625, 263835049
934830625, 339480625
934830625, 360354289
934830625, 383964025
934830625, 438693025
934830625, 690533284
934830625, 803325649
934830625, 934280356
934891776, 199487376
934891776, 319479876
934891776, 348979761
934891776, 487791396
934891776, 716739984
934891776, 974938176
935014084, 348905041
935014084, 531440809
935075241, 137945025
935075241, 197543025
935075241, 405579321
935075241, 497513025
935075241, 525739041
935075241, 792535104
935136400, 104305369
935136400, 109035364
935136400, 435139600
935197561, 191379556
935197561, 193571569
935197561, 971319556
935258724, 478953225
935258724, 539725824
935258724, 583947225
935258724, 584527329
935258724, 845937225
935381056, 550183936
935381056, 580135396
935442225, 234549225
935442225, 429235524
935442225, 452923524
935442225, 454329225
935564569, 465955396
935564569, 559653649
935625744, 535274496
935625744, 549527364
935625744, 635947524
935625744, 974563524
935686921, 213568996
935686921, 285136996
935686921, 365689129
935686921, 398561296
935686921, 621853969
935686921, 628153969
935686921, 699285136
935748100, 175483009
935748100, 713958400
935809281, 189530289
935809281, 325189089
935809281, 329095881
935809281, 392158809
935870464, 403487569
935870464, 409738564
935870464, 744580369
935870464, 754436089
935870464, 763859044
935870464, 973564804
935931649, 994393156
935992836, 293539689
935992836, 353928969
935992836, 836539929
936054025, 255936004
936054025, 355020964
936054025, 459030625
936054025, 539400625
936054025, 592435600
936054025, 625350049
936115216, 113656921
936115216, 325116961
936115216, 631165129
936115216, 651219361
936176409, 107993664
936176409, 109369764
936176409, 366799104
936176409, 493906176
936176409, 496710369
936176409, 637916049
936176409, 679019364
936176409, 794901636
936237604, 362407369
936237604, 376243609
936237604, 394260736
936237604, 627903364
936237604, 632673409
936298801, 108638929
936298801, 183982096
936298801, 290838916
936360000, 900360036
936360000, 903603600
936421201, 112423609
936421201, 161239204
936421201, 229401316
936421201, 243016921
936421201, 421029361
936482404, 424483609
936543609, 304956369
936543609, 460359936
936543609, 596043396
936543609, 903964356
936604816, 163660849
936604816, 360468196
936604816, 661364089
936604816, 669308641
936666025, 666930625
936727236, 392277636
936788449, 894847396
936910881, 119836809
936910881, 136819809
936910881, 193098816
936910881, 199063881
936910881, 309161889
936910881, 319801689
936910881, 991683081
936972100, 167003929
936972100, 172396900
936972100, 192376900
936972100, 290907136
936972100, 392079601
936972100, 739296100
937094544, 434597409
937094544, 494973504
937094544, 495374049
937155769, 737991556
937155769, 779135569
937216996, 169937296
937216996, 616379929
937216996, 636199729
937339456, 437395396
937400689, 489736900
937400689, 699708304
937400689, 708304996
937400689, 963047089
937400689, 983700496
937461924, 142993764
937461924, 367949124
937461924, 396447921
937461924, 917362944
937461924, 972691344
937523161, 117592336
937523161, 125731369
937523161, 137921536
937523161, 313679521
937584400, 704530849
937584400, 709583044
937645641, 167495364
937645641, 176544369
937645641, 179345664
937645641, 431974656
937645641, 561974436
937645641, 614345796
937645641, 964475136
937706884, 438776809
937706884, 708943876
937706884, 779638084
937706884, 837986704
937768129, 138697729
937768129, 192737689
937768129, 797328169
937890625, 208975936
937890625, 250398976
937890625, 295736809
937890625, 328950769
937951876, 571879396
937951876, 787531969
937951876, 879359716
938013129, 981130329
938074384, 907334884
938135641, 481539136
938196900, 108930969
938196900, 989039601
938258161, 912583681
938319424, 184334929
938380689, 336098889
938441956, 134954689
938441956, 138956944
938441956, 158936449
938441956, 198443569
938503225, 325983025
938564496, 469935684
938564496, 959636484
938625769, 523768996
938625769, 596678329
938625769, 987656329
938687044, 376088449
938687044, 678498304
938687044, 808947364
938748321, 213978384
938748321, 387184329
938748321, 732893184
938748321, 978313284
938809600, 386908900
938932164, 123943689
938932164, 241398369
938932164, 338964921
938932164, 364389921
938932164, 392396481
938932164, 398241936
938932164, 493239681
938932164, 498316329
938932164, 913369284
939054736, 336795904
939054736, 453093796
939116025, 105329169
939116025, 135699201
939116025, 209351961
939116025, 311699025
939116025, 356190129
939116025, 399560121
939116025, 501132996
939116025, 501939216
939116025, 635191209
939116025, 910651329
939116025, 925011396
939238609, 329930896
939238609, 369293089
939238609, 639938209
939238609, 923308996
939361201, 320911396
939422500, 399400225
939422500, 903904225
939422500, 909324025
939422500, 990235024
939606409, 693900964
939606409, 949009636
939729025, 572309929
939729025, 932997025
939851649, 183954969
939851649, 389549169
939851649, 489913956
939912964, 194239969
939912964, 194993296
940035600, 306005049
940035600, 306950400
940035600, 309056400
940035600, 345960000
940035600, 453690000
940035600, 650403009
940096921, 260919409
940096921, 294019609
940096921, 609991204
940096921, 612909049
940158244, 105842944
940158244, 152448409
940158244, 244985104
940158244, 254019844
940219569, 109495296
940219569, 951290649
940280896, 296080849
940280896, 498628900
940280896, 602849809
940280896, 829900864
940342225, 324252049
940403556, 354945600
940464889, 990864484
940526224, 256224049
940526224, 469502224
940526224, 592046224
940587561, 156950784
940587561, 157854096
940587561, 160579584
940587561, 470195856
940587561, 515607849
940587561, 561547809
940587561, 565107984
940587561, 755480196
940587561, 854159076
940587561, 941507856
940648900, 908600449
940710241, 124970041
940710241, 214710409
940710241, 407192041
940710241, 470109124
940710241, 794112400
940771584, 175748049
940771584, 197458704
940771584, 417507489
940771584, 574417089
940771584, 758947401
940771584, 974750841
940832929, 929823049
940894276, 204976489
940894276, 246709849
940894276, 972940864
940955625, 205549569
940955625, 959450625
941016976, 104796169
941016976, 170641969
941016976, 190964761
941016976, 460917961
941016976, 614097961
941078329, 103897249
941078329, 317089249
941078329, 378419209
941078329, 701349289
941139684, 114639849
941139684, 116899344
941139684, 119639844
941139684, 139641489
941139684, 191434896
941139684, 431849961
941139684, 984139641
941201041, 190412401
941323761, 113294736
941323761, 113934276
941323761, 129413376
941323761, 143137296
941323761, 171243396
941323761, 173132964
941323761, 319372641
941323761, 341732196
941323761, 342731169
941323761, 367143921
941323761, 371294361
941323761, 734193216
941323761, 763914321
941385124, 112954384
941385124, 139452481
941385124, 149352841
941385124, 291453184
941385124, 398441521
941385124, 431891524
941385124, 539214841
941446489, 464919844
941446489, 468419449
941446489, 494484169
941507856, 156950784
941507856, 157854096
941507856, 160579584
941507856, 470195856
941507856, 515607849
941507856, 561547809
941507856, 565107984
941507856, 755480196
941507856, 854159076
941507856, 940587561
941569225, 149695225
941569225, 212955649
941630596, 105349696
941630596, 160934596
941630596, 199035664
941630596, 364199056
941630596, 409536169
941630596, 964350916
941691969, 199996164
941753344, 193543744
941814721, 114297481
941814721, 118417924
941814721, 411197284
941876100, 107184609
941876100, 116704809
941876100, 118004769
941876100, 149817600
941876100, 161798400
941876100, 167184900
941876100, 168974001
941876100, 174160809
941876100, 187964100
941876100, 948701601
941876100, 974001681
941937481, 471193849
941998864, 981944896
942060249, 204690249
942060249, 244296900
942060249, 264290049
942121636, 291316624
942121636, 619462321
942121636, 693216241
942121636, 962116324
942183025, 134908225
942183025, 205148329
942183025, 229583104
942183025, 251920384
942183025, 345922801
942183025, 391842025
942183025, 418325209
942183025, 425308129
942183025, 834921025
942244416, 216442944
942305809, 403085929
942305809, 543029809
942305809, 590392804
942305809, 590830249
942305809, 854392900
942305809, 894309025
942367204, 243297604
942367204, 372026944
942367204, 464273209
942367204, 497022436
942367204, 642723904
942367204, 709263424
942367204, 729432064
942428601, 206841924
942428601, 209612484
942428601, 282946041
942428601, 416282409
942428601, 420824196
942428601, 428614209
942428601, 924281604
942428601, 942612804
942490000, 900420049
942490000, 904204900
942551401, 114554209
942551401, 192155044
942551401, 545129104
942551401, 951414025
942612804, 206841924
942612804, 209612484
942612804, 282946041
942612804, 416282409
942612804, 420824196
942612804, 428614209
942612804, 924281604
942612804, 942428601
942674209, 227949604
942674209, 264940729
942674209, 290429764
942674209, 442976209
942674209, 497602249
942674209, 720492964
942674209, 904926724
942674209, 994267024
942735616, 173264569
942735616, 231465796
942735616, 247653169
942735616, 247936516
942735616, 251634769
942735616, 375661924
942735616, 656743129
942735616, 675324169
942735616, 754216369
942735616, 926715364
942858436, 239568484
942858436, 283484569
942858436, 369485284
942858436, 384865924
942858436, 388562944
942858436, 495863824
942858436, 543682489
942858436, 628354489
942858436, 695482384
942981264, 169442289
942981264, 249861249
942981264, 289442169
942981264, 296941824
942981264, 299428416
942981264, 491242896
942981264, 682149924
942981264, 894249216
942981264, 912462849
942981264, 981694224
943042681, 104693824
943042681, 162384049
943042681, 234610489
943042681, 314069284
943042681, 348120964
943042681, 403849216
943042681, 603291844
943042681, 613404289
943042681, 621903844
943104100, 341140900
943165521, 214153956
943165521, 254913156
943165521, 315524169
943165521, 359254116
943165521, 395254161
943165521, 415915236
943165521, 451392516
943165521, 591365124
943165521, 953512641
943288369, 649383289
943288369, 982383649
943349796, 336979449
943411225, 215414329
943411225, 419512324
943472656, 435264769
943472656, 472453696
943472656, 647295364
943472656, 664453729
943472656, 746546329
943595524, 354455929
943656961, 349166596
943656961, 395691664
943656961, 641963569
943656961, 649536196
943718400, 173448900
943718400, 417384900
943718400, 783944001
943779841, 197739844
943902729, 492973209
943964176, 413796964
943964176, 493461796
943964176, 791634496
943964176, 944763169
944025625, 449652025
944025625, 465049225
944025625, 595262404
944087076, 470976804
944087076, 874976400
944148529, 185449924
944148529, 481495249
944148529, 544148929
944148529, 594481924
944271441, 147914244
944271441, 214417449
944271441, 472149441
944394361, 349914436
944517289, 279859441
944517289, 457189924
944517289, 599172484
944517289, 714599824
944517289, 845471929
944578756, 445758769
944578756, 875745649
944578756, 895445776
944640225, 924464025
944701696, 749609641
944701696, 991746064
944763169, 413796964
944763169, 493461796
944763169, 791634496
944763169, 943964176
944824644, 244484496
944824644, 424648449
944886121, 161849284
944886121, 449821681
945009081, 491508900
945132049, 139405249
945132049, 235991044
945132049, 320159449
945132049, 329495104
945132049, 345104929
945132049, 399520144
945132049, 404935129
945132049, 594043129
945193536, 135349956
945193536, 413593569
945193536, 455993316
945193536, 554319936
945193536, 945931536
945316516, 151634596
945316516, 159163456
945316516, 194156356
945316516, 416935561
945316516, 453519616
945378009, 793548900
945562500, 455609025
945562500, 595604025
945562500, 904505625
945624001, 124500964
945624001, 126405049
945624001, 145926400
945624001, 159264400
945624001, 192654400
945624001, 245016409
945624001, 414529600
945624001, 510624409
945624001, 542004961
945624001, 591462400
945624001, 604914025
945624001, 904265041
945685504, 855094564
945747009, 477509904
945808516, 405659881
945808516, 556818409
945808516, 690585841
945870025, 204575809
945870025, 279558400
945870025, 508592704
945870025, 525784900
945870025, 590587204
945870025, 598047025
945931536, 135349956
945931536, 413593569
945931536, 455993316
945931536, 554319936
945931536, 945193536
946054564, 654950464
946116081, 668119104
946116081, 861011649
946177600, 109704676
946177600, 740601796
946177600, 760049761
946177600, 794676100
946239121, 129436129
946239121, 319122496
946300644, 406304649
946300644, 466430409
946485225, 254625849
946485225, 255296484
946485225, 256544289
946485225, 258952464
946485225, 289544256
946485225, 455224896
946485225, 562258944
946485225, 649485225
946546756, 947654656
946608289, 866890249
946669824, 486996624
946669824, 644296689
946669824, 689692644
946731361, 316341796
946731361, 416731396
946792900, 760490929
946792900, 997296400
946915984, 498941569
946915984, 959698441
946915984, 996159844
946977529, 299774596
946977529, 765794929
947039076, 300779649
947039076, 790340769
947039076, 930677049
947100625, 174900625
947100625, 175642009
947100625, 507691024
947100625, 514200976
947100625, 517426009
947100625, 721459600
947100625, 914760025
947162176, 467121769
947162176, 671172649
947223729, 324972729
947223729, 427372929
947223729, 729972324
947223729, 773229249
947285284, 724524889
947285284, 928542784
947346841, 418447936
947346841, 463497841
947346841, 479434816
947346841, 934647184
947408400, 440874009
947408400, 984704400
947469961, 479916649
947593089, 459973809
947593089, 530979849
947593089, 799305984
947654656, 946546756
947716225, 212459776
947716225, 276157924
947716225, 276457129
947716225, 279157264
947716225, 567297124
947716225, 597264721
947716225, 754271296
947716225, 972254761
947777796, 779749776
947839369, 397483969
947839369, 837349969
947962521, 274929561
947962521, 279524961
947962521, 294259716
947962521, 546297129
947962521, 629457921
947962521, 659924721
947962521, 719956224
948024100, 248094001
948024100, 421480900
948024100, 428904100
948024100, 800210944
948024100, 840942001
948085681, 160858489
948085681, 508186849
948085681, 850188964
948147264, 124478649
948147264, 124947684
948147264, 144648729
948147264, 194267844
948147264, 297148644
948147264, 416894724
948147264, 429484176
948147264, 474891264
948147264, 674492841
948147264, 729648144
948147264, 786129444
948147264, 796424841
948147264, 926471844
948208849, 928908484
948208849, 948824809
948270436, 268730449
948270436, 276490384
948270436, 403728649
948270436, 432764809
948270436, 723448609
948270436, 744362089
948270436, 948763204
948332025, 230523489
948332025, 380952324
948332025, 393824025
948393616, 349839616
948393616, 381694369
948393616, 493683961
948393616, 833996641
948455209, 254945089
948455209, 544989025
948455209, 559890244
948455209, 985520449
948516804, 104898564
948516804, 158684409
948516804, 481056489
948516804, 691584804
948578401, 180579844
948578401, 519748804
948578401, 708198544
948578401, 870958144
948640000, 900480064
948640000, 904806400
948701601, 107184609
948701601, 116704809
948701601, 118004769
948701601, 149817600
948701601, 161798400
948701601, 167184900
948701601, 168974001
948701601, 174160809
948701601, 187964100
948701601, 941876100
948701601, 974001681
948763204, 268730449
948763204, 276490384
948763204, 403728649
948763204, 432764809
948763204, 723448609
948763204, 744362089
948763204, 948270436
948824809, 928908484
948824809, 948208849
948886416, 466948881
948886416, 684188649
948886416, 696484881
948948025, 482549089
948948025, 492085489
948948025, 925498084
949009636, 693900964
949009636, 939606409
949071249, 990927441
949132864, 136492489
949132864, 142396489
949132864, 189392644
949132864, 328914496
949132864, 329168449
949132864, 613949284
949132864, 834169924
949132864, 919423684
949132864, 983261449
949256100, 109056249
949256100, 126495009
949256100, 249956100
949256100, 290054961
949256100, 295496100
949256100, 405096129
949256100, 560410929
949256100, 620159409
949317721, 173949721
949317721, 774119329
949502596, 649995025
949502596, 924950569
949564225, 242954569
949564225, 296459524
949564225, 955242649
949564225, 994456225
949625856, 294568569
949625856, 469285569
949625856, 584962596
949625856, 952586496
949749124, 799249441
949810761, 140991876
949810761, 179104689
949810761, 180794916
949810761, 614197089
949810761, 649791081
949810761, 697118409
949810761, 809174916
949872400, 207994084
949872400, 297804049
950118976, 597118096
950180625, 128595600
950180625, 185096025
950180625, 195860025
950180625, 250810569
950180625, 251856900
950180625, 255008961
950180625, 255968001
950180625, 295805601
950180625, 510986025
950180625, 590052681
950180625, 958521600
950242276, 229674025
950242276, 472062529
950242276, 524272609
950242276, 697224025
950242276, 720224569
950365584, 355058649
950365584, 355850496
950427241, 194742025
950427241, 249071524
950427241, 492751204
950427241, 719044225
950488900, 895804900
950612224, 149206225
950612224, 196420225
950612224, 201242596
950612224, 225420196
950612224, 225961024
950612224, 246019225
950612224, 269124025
950612224, 921426025
950673889, 536709889
950673889, 635897089
950858896, 955860889
950920569, 952956900
950982244, 254498209
950982244, 459802249
950982244, 489205924
950982244, 998244025
951043921, 135094129
951043921, 159340129
951043921, 259113409
951043921, 409131529
951043921, 413919025
951043921, 512931904
951043921, 519931204
951043921, 910953124
951105600, 506115009
951105600, 550090116
951167281, 165817129
951167281, 175218169
951167281, 189172516
951167281, 191158276
951167281, 651117289
951167281, 892157161
951228964, 126945289
951228964, 148522969
951228964, 152942689
951228964, 216295849
951228964, 265918249
951228964, 492129856
951228964, 492218596
951228964, 654182929
951228964, 922154689
951228964, 984265129
951290649, 109495296
951290649, 940219569
951352336, 639533521
951414025, 114554209
951414025, 192155044
951414025, 545129104
951414025, 942551401
951660801, 165096801
951660801, 180069561
951660801, 615089601
951660801, 618516900
951660801, 685916100
951722500, 125507209
951722500, 552297001
951722500, 905107225
951784201, 108597241
951784201, 147598201
951784201, 152497801
951784201, 201157489
951784201, 285711409
951784201, 410751289
951784201, 859721041
951845904, 105945849
951845904, 185995044
951845904, 509495184
951845904, 549105489
951845904, 595018449
951907609, 517699009
951907609, 910590976
951969316, 113699569
951969316, 539911696
951969316, 599613169
952031025, 210395025
952031025, 259532100
952031025, 500193225
952031025, 523952100
952031025, 923552100
952092736, 229037956
952092736, 572932096
952092736, 792253609
952092736, 963792025
952216164, 112529664
952216164, 116964225
952216164, 124612569
952216164, 125619264
952216164, 166952241
952216164, 216619524
952216164, 264192516
952216164, 296115264
952216164, 461261529
952277881, 277588921
952277881, 752898721
952339600, 303560929
952339600, 309302569
952339600, 309936025
952339600, 539632900
952401321, 103245921
952401321, 109432521
952401321, 154032921
952401321, 214593201
952401321, 230159241
952401321, 439112025
952401321, 902341521
952463044, 249450436
952524769, 292957456
952524769, 956974225
952586496, 294568569
952586496, 469285569
952586496, 584962596
952586496, 949625856
952648225, 298425625
952648225, 462895225
952648225, 594628225
952709956, 705592969
952771689, 291589776
952771689, 767899521
952833424, 322453849
952833424, 592338244
952833424, 842334529
952895161, 129185956
952895161, 185695129
952895161, 219958561
952956900, 950920569
953018641, 103591684
953018641, 103958416
953018641, 108451396
953018641, 116035984
953018641, 134189056
953018641, 141538609
953018641, 384905161
953080384, 803835904
953142129, 129345129
953142129, 139925241
953142129, 159213924
953142129, 321951249
953142129, 421193529
953142129, 524913921
953203876, 502387396
953203876, 639837025
953203876, 793830625
953203876, 830765329
953203876, 920758336
953265625, 653569225
953450884, 485453089
953512641, 214153956
953512641, 254913156
953512641, 315524169
953512641, 359254116
953512641, 395254161
953512641, 415915236
953512641, 451392516
953512641, 591365124
953512641, 943165521
953574400, 593507044
953636161, 191656336
953697924, 395492769
953697924, 439992576
953697924, 956479329
953821456, 134258569
953821456, 158432569
953821456, 234518596
953821456, 249355681
953821456, 386554921
953821456, 413552896
953821456, 525693184
953821456, 536895241
953821456, 548215396
953821456, 558329641
953821456, 561358249
953821456, 596385241
953821456, 853691524
954006769, 670965409
954006769, 790059664
954068544, 405458496
954068544, 455480964
954130321, 151339204
954130321, 343101529
954130321, 490135321
954192100, 591900241
954253881, 521345889
954253881, 534858129
954253881, 835845921
954253881, 883159524
954315664, 459416356
954315664, 563445169
954439236, 344956329
954439236, 465394329
954439236, 493639524
954439236, 499254336
954439236, 593263449
954562816, 412658596
954562816, 612958564
954562816, 864595216
954562816, 865124569
954624609, 260596449
954624609, 469025649
954624609, 549246096
954686404, 568440964
954686404, 696854404
954748201, 125708944
954748201, 128754409
954748201, 145274809
954748201, 150749284
954748201, 170485249
954748201, 207158449
954748201, 274598041
954748201, 295874401
954748201, 470152489
954748201, 472105984
954748201, 544708921
954748201, 548074921
954748201, 740819524
954748201, 850947241
954810000, 158004900
954810000, 519840000
954810000, 810540900
954810000, 900540081
954810000, 905408100
954871801, 118875409
954871801, 119858704
954871801, 151708489
954871801, 195748081
954871801, 517881049
954871801, 715188049
954871801, 810597841
954871801, 859017481
954933604, 436935409
955057216, 170955625
955057216, 175695025
955057216, 557196025
955057216, 591705625
955057216, 907515625
955180836, 158835609
955180836, 395850816
955180836, 515880369
955180836, 535968801
955180836, 580183569
955180836, 689535081
955242649, 242954569
955242649, 296459524
955242649, 949564225
955242649, 994456225
955304464, 540934564
955366281, 218655369
955366281, 269583561
955366281, 362559681
955366281, 381655296
955366281, 528356196
955366281, 565821369
955366281, 612859536
955366281, 656538129
955366281, 692531856
955428100, 120055849
955428100, 201554809
955428100, 501984025
955428100, 528954001
955613569, 315559696
955737225, 352575729
955860889, 950858896
955922724, 527942529
955922724, 725925249
955984561, 591559684
956046400, 960504064
956108241, 112084569
956108241, 119508624
956108241, 141205689
956108241, 159820164
956108241, 191684025
956108241, 205119684
956108241, 286591041
956108241, 294156801
956108241, 489250161
956108241, 529184016
956108241, 914820516
956108241, 981506241
956170084, 158709604
956170084, 451987600
956170084, 671950084
956170084, 675948001
956170084, 957840601
956231929, 232959169
956293776, 236759769
956293776, 297769536
956293776, 369677529
956293776, 526977936
956293776, 677925369
956293776, 769729536
956293776, 773562969
956293776, 796763529
956293776, 927567936
956293776, 993762576
956417476, 146797456
956479329, 395492769
956479329, 439992576
956479329, 953697924
956603041, 359064601
956603041, 536061409
956664900, 695060496
956664900, 960566049
956664900, 965966400
956726761, 196672576
956726761, 576672196
956788624, 256896784
956788624, 665278849
956788624, 765462889
956788624, 784896256
956788624, 886967524
956788624, 962488576
956850489, 455096889
956850489, 599858064
956850489, 805594689
956850489, 905588649
956912356, 123965956
956974225, 292957456
956974225, 952524769
957036096, 357096609
957036096, 693795600
957036096, 695376900
957159844, 154579489
957159844, 491597584
957283600, 329785600
957283600, 372605809
957283600, 382750096
957283600, 385729600
957283600, 508367209
957283600, 582739600
957283600, 638572900
957283600, 703098256
957283600, 826735009
957283600, 856732900
957283600, 896703025
957345481, 137545984
957345481, 537451489
957407364, 365077449
957407364, 397045476
957407364, 404975376
957407364, 437479056
957407364, 457403769
957407364, 459073476
957407364, 539447076
957407364, 740547369
957407364, 750376449
957407364, 976437504
957469249, 759994624
957531136, 157351936
957531136, 319551376
957531136, 531579136
957654916, 165997456
957654916, 546951769
957716809, 159087769
957716809, 719097856
957716809, 759167809
957716809, 985771609
957778704, 757790784
957778704, 778577409
957840601, 158709604
957840601, 451987600
957840601, 671950084
957840601, 675948001
957840601, 956170084
957902500, 905709025
957964401, 147549609
957964401, 147695409
957964401, 407514969
957964401, 447195609
957964401, 547419609
957964401, 761594409
957964401, 914094756
958026304, 205836409
958026304, 254306809
958026304, 609843025
958026304, 653824900
958026304, 685392400
958150116, 815159601
958212025, 209815225
958212025, 225510289
958212025, 229552801
958212025, 289510225
958212025, 292581025
958212025, 829152025
958273936, 259983376
958273936, 653978329
958397764, 394975876
958397764, 879537649
958397764, 987593476
958459681, 415588996
958459681, 965158489
958521600, 128595600
958521600, 185096025
958521600, 195860025
958521600, 250810569
958521600, 251856900
958521600, 255008961
958521600, 255968001
958521600, 295805601
958521600, 510986025
958521600, 590052681
958521600, 950180625
958707369, 570397689
958707369, 739078596
958707369, 990738576
959017024, 104509729
959017024, 109579024
959017024, 149572900
959017024, 475109209
959017024, 749500129
959078961, 179908569
959078961, 179989056
959078961, 519976809
959078961, 718990596
959202841, 180499225
959264784, 245799684
959264784, 424895769
959264784, 445927689
959264784, 567249489
959264784, 742998564
959264784, 799645284
959326729, 527299369
959326729, 799362529
959388676, 738969856
959388676, 798853696
959450625, 205549569
959450625, 940955625
959512576, 515925796
959636484, 469935684
959636484, 938564496
959698441, 498941569
959698441, 946915984
959698441, 996159844
959760400, 499075600
959760400, 705964900
959760400, 970945600
959822361, 136258929
959822361, 235192896
959822361, 268599321
959822361, 359822961
959822361, 592386921
959822361, 681993225
959822361, 819963225
959822361, 892635129
959822361, 912825369
959822361, 985269321
959884324, 352988944
959884324, 453988249
960008256, 560268900
960008256, 689062500
960008256, 820650609
960070225, 527620900
960132196, 101263969
960132196, 126990361
960132196, 190329616
960132196, 193126609
960132196, 309619216
960194169, 160199649
960194169, 196196049
960256144, 140256649
960256144, 406465921
960256144, 569204164
960318121, 111028369
960318121, 120318961
960318121, 121308196
960318121, 121903681
960318121, 161213809
960318121, 196308121
960380100, 136890000
960380100, 183060900
960380100, 930860100
960442081, 120846049
960442081, 184090624
960442081, 198246400
960442081, 249608401
960442081, 284900641
960442081, 421604089
960442081, 640241809
960442081, 816244900
960504064, 956046400
960566049, 695060496
960566049, 956664900
960566049, 965966400
960628036, 286963600
960690025, 256096009
960690025, 256960900
960690025, 699602500
960690025, 900960256
960690025, 909625600
960752016, 152769600
960752016, 172659600
960752016, 196700625
960752016, 265070961
960752016, 270569601
960752016, 625700196
960752016, 671069025
960752016, 716900625
960752016, 976625001
960814009, 140090896
960814009, 140896900
960814009, 160098409
960814009, 196084009
960814009, 196840900
960814009, 900840196
960814009, 908419600
960876004, 807696400
960938001, 108993600
960938001, 309900816
960938001, 610930089
960938001, 813960900
960938001, 983010609
961000000, 100060009
961000000, 100600900
961000000, 106090000
961000000, 169000000
961000000, 196000000
961000000, 610090000
961000000, 900060001
961000000, 900600100
961000000, 906010000
961062001, 100260169
961062001, 100620961
961062001, 102616900
961062001, 106296100
961062001, 121066009
961062001, 121660900
961062001, 169026001
961062001, 169260100
961062001, 900660121
961062001, 906612100
961062001, 961620100
961124004, 119246400
961124004, 124010496
961124004, 126090441
961124004, 129004164
961124004, 140920641
961124004, 194100624
961124004, 241491600
961124004, 401240961
961124004, 401962401
961124004, 412496100
961124004, 441126009
961124004, 612414009
961124004, 640191204
961124004, 901260441
961124004, 912644100
961186009, 891619600
961186009, 901860961
961186009, 918696100
961248016, 118026496
961248016, 168169024
961248016, 184660921
961248016, 416608921
961248016, 604618921
961248016, 608164921
961248016, 689640121
961248016, 692110864
961248016, 902461681
961248016, 921608164
961310025, 106193025
961310025, 169130025
961310025, 301196025
961310025, 321090561
961310025, 361190025
961310025, 365192100
961310025, 395612100
961310025, 563112900
961310025, 906311025
961310025, 923005161
961372036, 133726096
961372036, 163763209
961372036, 610732369
961372036, 632371609
961372036, 709636321
961372036, 903663721
961372036, 906371236
961434049, 193404649
961434049, 906431449
961496064, 449609616
961496064, 906491664
961558081, 519885601
961558081, 906551881
961620100, 100260169
961620100, 100620961
961620100, 102616900
961620100, 106296100
961620100, 121066009
961620100, 121660900
961620100, 169026001
961620100, 169260100
961620100, 900660121
961620100, 906612100
961620100, 961062001
961682121, 121286169
961682121, 121682961
961682121, 169286121
961682121, 192682161
961682121, 218921616
961682121, 912281616
961682121, 986211216
961744144, 114746944
961744144, 144744961
961806169, 169806961
961806169, 669101689
961868196, 196868961
961930225, 106399225
961930225, 123520996
961930225, 129390625
961930225, 169390225
961930225, 225390169
961930225, 225930961
961930225, 310252996
961930225, 359216209
961930225, 691532209
961930225, 906913225
961992256, 229916569
961992256, 256992961
962054289, 294980625
962054289, 296425089
962054289, 429608529
962054289, 592240896
962054289, 692058249
962054289, 962985024
962116324, 291316624
962116324, 619462321
962116324, 693216241
962116324, 942121636
962178361, 112869376
962178361, 118679236
962178361, 362178961
962178361, 668791321
962178361, 687121369
962178361, 783216196
962240400, 200420649
962240400, 442260900
962302441, 106234249
962302441, 140232964
962302441, 206123449
962302441, 220314649
962302441, 292341604
962302441, 293402641
962302441, 442302961
962302441, 632421904
962302441, 912402436
962302441, 924403216
962426529, 596922624
962488576, 256896784
962488576, 665278849
962488576, 765462889
962488576, 784896256
962488576, 886967524
962488576, 956788624
962550625, 555262096
962550625, 659205625
962612676, 261662976
962674729, 926776249
962736784, 346927876
962736784, 672987364
962798841, 192848769
962798841, 269879184
962798841, 286997481
962798841, 842798961
962798841, 889769241
962798841, 897841296
962860900, 662908009
962985024, 294980625
962985024, 296425089
962985024, 429608529
962985024, 592240896
962985024, 692058249
962985024, 962054289
963047089, 489736900
963047089, 699708304
963047089, 708304996
963047089, 937400689
963047089, 983700496
963109156, 650913169
963171225, 132572196
963171225, 163251729
963171225, 179265321
963171225, 211527936
963171225, 212751396
963171225, 219365721
963171225, 621953721
963171225, 713691225
963171225, 751362921
963171225, 763251129
963233296, 233692369
963357444, 759443364
963357444, 794563344
963419521, 113592964
963419521, 132549169
963419521, 153412996
963419521, 163149529
963419521, 164531929
963419521, 316199524
963419521, 459116329
963481600, 843960601
963543681, 463583961
963543681, 635493681
963543681, 693163584
963543681, 893531664
963543681, 918453636
963605764, 356907664
963605764, 396647056
963605764, 670395664
963605764, 675636049
963605764, 764356609
963667849, 384669769
963729936, 633679929
963729936, 692373969
963729936, 923369769
963792025, 229037956
963792025, 572932096
963792025, 792253609
963792025, 952092736
963854116, 186513649
963854116, 195468361
963854116, 319658641
963854116, 365918641
963854116, 398641156
963854116, 531486916
963854116, 613651984
963854116, 614593681
963916209, 209699361
963978304, 379938064
963978304, 809743936
964040401, 440916004
964102500, 100460529
964102500, 104652900
964102500, 104960025
964102500, 105206049
964102500, 120956004
964102500, 169052004
964102500, 169520400
964102500, 194602500
964102500, 200165904
964102500, 251000649
964102500, 264095001
964102500, 400520169
964102500, 405216900
964102500, 529046001
964102500, 529460100
964102500, 605012409
964102500, 621504900
964102500, 624950001
964102500, 659000241
964164601, 661106944
964226704, 442092676
964226704, 726464209
964288809, 880486929
964350916, 105349696
964350916, 160934596
964350916, 199035664
964350916, 364199056
964350916, 409536169
964350916, 941630596
964413025, 123054649
964413025, 149035264
964413025, 165302449
964413025, 194463025
964413025, 196504324
964413025, 214534609
964413025, 214563904
964413025, 301265449
964413025, 302516449
964413025, 324504196
964413025, 340254916
964413025, 344250916
964413025, 349615204
964413025, 446350129
964413025, 503194624
964413025, 509314624
964413025, 623950441
964413025, 645312409
964475136, 167495364
964475136, 176544369
964475136, 179345664
964475136, 431974656
964475136, 561974436
964475136, 614345796
964475136, 937645641
964537249, 365497924
964599364, 345699649
964661481, 196616484
964661481, 461648196
964661481, 468116496
964661481, 484616196
964661481, 611968644
964661481, 618964641
964723600, 206094736
964723600, 260370496
964723600, 460703296
964723600, 602309764
964723600, 602407936
964723600, 672364900
964723600, 732460096
964785721, 145829776
964785721, 157678249
964785721, 172475689
964785721, 217798564
964785721, 418775296
964785721, 459287761
964785721, 479785216
964785721, 581677924
964785721, 596727184
964785721, 916757284
964972096, 429069796
964972096, 920697649
965034225, 235469025
965034225, 326055249
965034225, 340956225
965034225, 422055936
965034225, 425390625
965034225, 453562209
965034225, 493506225
965034225, 502342569
965034225, 509224356
965034225, 524639025
965158489, 415588996
965158489, 958459681
965220624, 426629025
965220624, 922640625
965282761, 182952676
965282761, 218625796
965282761, 261598276
965282761, 275692816
965282761, 689272516
965282761, 826792516
965344900, 306495049
965344900, 309654409
965407041, 145009764
965407041, 179506404
965407041, 506790144
965407041, 576144009
965407041, 700449156
965407041, 794056041
965407041, 901440576
965407041, 914457600
965469184, 664195984
965531329, 339259561
965531329, 352951369
965531329, 391525369
965531329, 931653529
965593476, 394657956
965593476, 693479556
965779929, 572979969
965842084, 468852409
965842084, 488542609
965842084, 852464809
965904241, 164994025
965904241, 449906521
965904241, 514064929
965966400, 695060496
965966400, 956664900
965966400, 960566049
966028561, 168065296
966028561, 280696516
966028561, 626651089
966028561, 660952681
966028561, 966650281
966090724, 406990276
966152889, 581629689
966152889, 629156889
966152889, 695218689
966215056, 169650625
966215056, 561026596
966215056, 620956561
966215056, 625650169
966215056, 626550961
966215056, 629056561
966401569, 106956964
966401569, 166590649
966401569, 416690569
966401569, 650964196
966525921, 192265956
966525921, 261565929
966588100, 506880196
966588100, 508096681
966650281, 168065296
966650281, 280696516
966650281, 626651089
966650281, 660952681
966650281, 966028561
966712464, 249766416
966899025, 609299856
966899025, 906852996
966899025, 996980625
967023409, 279090436
967023409, 462379009
967023409, 637209049
967023409, 992376004
967085604, 408605796
967085604, 467856900
967085604, 476985600
967085604, 504766089
967085604, 509766084
967085604, 658076409
967085604, 675896004
967085604, 748569600
967085604, 750869604
967085604, 807469056
967147801, 679071481
967210000, 102070609
967210000, 127690000
967210000, 601720900
967210000, 906070201
967272201, 102272769
967272201, 277122609
967334404, 403447396
967334404, 470369344
967458816, 164788569
967458816, 468895716
967458816, 478165689
967458816, 588741696
967458816, 758616849
967458816, 895864761
967521025, 109725625
967521025, 175960225
967521025, 210975625
967521025, 267159025
967521025, 512796025
967521025, 561927025
967521025, 620557921
967583236, 236359876
967583236, 268533769
967583236, 376592836
967583236, 392673856
967832100, 123876900
967832100, 127306089
967832100, 130782096
967832100, 138297600
967832100, 178302609
967832100, 187060329
967832100, 721083609
967832100, 879063201
967894321, 123498769
967894321, 239847169
967894321, 391762849
967894321, 397842916
967894321, 439279681
967894321, 493861729
967894321, 643789129
967894321, 684397921
968018769, 107868996
968018769, 671690889
968018769, 710968896
968018769, 818760996
968018769, 886907961
968143225, 213685924
968143225, 291248356
968143225, 322956841
968143225, 365842129
968143225, 394618225
968143225, 425968321
968143225, 435682129
968143225, 463928521
968143225, 526381249
968143225, 539261284
968205456, 265950864
968205456, 269485056
968205456, 285069456
968205456, 456890625
968205456, 469805625
968205456, 526564809
968205456, 549668025
968205456, 645820569
968205456, 665485209
968205456, 684502569
968205456, 694586025
968205456, 985646025
968267689, 762698689
968267689, 886669729
968329924, 469892329
968329924, 822943969
968392161, 239816196
968392161, 328116996
968392161, 638219169
968392161, 639128961
968392161, 823919616
968392161, 869129361
968392161, 923916816
968454400, 548496400
968516641, 158961664
968516641, 656948161
968516641, 661569841
968578884, 458687889
968578884, 487658889
968578884, 788654889
968578884, 868598784
968578884, 888874596
968641129, 118962649
968641129, 162894169
968641129, 191628649
968641129, 198612649
968641129, 199628641
968641129, 219691684
968641129, 296149681
968641129, 641912896
968641129, 649689121
968641129, 699126481
968641129, 846169921
968703376, 763803769
968703376, 786073369
968703376, 876337609
968827876, 267878689
968827876, 277688896
968890129, 280998169
968952384, 299843856
968952384, 423659889
968952384, 865948329
968952384, 883694529
968952384, 896583249
969201424, 229461904
969201424, 419922064
969325956, 556299396
969450496, 409495696
969450496, 546904996
969450496, 569490496
969450496, 696590449
969575044, 794450596
969637321, 127396369
969637321, 293916736
969637321, 696379321
969761881, 617969881
969824164, 148669249
969824164, 149646289
969824164, 489692641
969824164, 614692849
969824164, 816644929
969824164, 869424196
969948736, 394697689
970011025, 107019025
970011025, 107952100
970011025, 195720100
970073316, 377913600
970073316, 773396100
970135609, 150970369
970135609, 190053796
970135609, 309197056
970135609, 375196900
970260201, 260790201
970260201, 271260900
970260201, 670292100
970322500, 273902500
970384801, 104387089
970384801, 781034809
970571716, 501177769
970634025, 253764900
970634025, 359026704
970634025, 502073649
970634025, 567392400
970634025, 607523904
970634025, 743652900
970634025, 925376400
970696336, 330766969
970696336, 369639076
970696336, 609793636
970758649, 780475969
970820964, 204089796
970820964, 247968009
970820964, 478296900
970820964, 492706809
970820964, 690480729
970820964, 746928900
970883281, 137288089
970945600, 499075600
970945600, 705964900
970945600, 959760400
971007921, 171007929
971070244, 102779044
971070244, 217474009
971070244, 741472900
971132569, 139972561
971132569, 239197156
971132569, 521939716
971132569, 913671529
971194896, 179184996
971194896, 199741689
971194896, 418979961
971194896, 799814961
971194896, 996791184
971194896, 998117649
971257225, 279257521
971257225, 571927225
971257225, 797215225
971319556, 191379556
971319556, 193571569
971319556, 935197561
971444224, 172449424
971444224, 214974244
971506561, 105596176
971506561, 106791556
971506561, 115906756
971506561, 657101956
971506561, 916515076
971568900, 791859600
971568900, 978500961
971631241, 116143729
971631241, 293471161
971631241, 721943161
971631241, 741963121
971693584, 139759684
971693584, 147938569
971693584, 184579396
971693584, 199543876
971693584, 369715984
971693584, 391485796
971693584, 594189376
971693584, 598193764
971693584, 814759936
971693584, 853749961
971693584, 985143769
971818276, 271788196
971818276, 889172761
971880625, 178890625
971880625, 281098756
971880625, 805821769
971880625, 867125809
971942976, 249197796
971942976, 299947761
972005329, 273009529
972005329, 297390025
972005329, 502970329
972067684, 267780496
972130041, 134792100
972130041, 139712400
972130041, 710329104
972130041, 719312400
972192400, 241709209
972192400, 272019049
972192400, 472192900
972192400, 721029904
972254761, 212459776
972254761, 276157924
972254761, 276457129
972254761, 279157264
972254761, 567297124
972254761, 597264721
972254761, 754271296
972254761, 947716225
972317124, 273141729
972317124, 372914721
972317124, 739241721
972441856, 148254976
972441856, 164275489
972441856, 169572484
972441856, 192876544
972441856, 194825764
972441856, 418529764
972441856, 484572169
972441856, 564917824
972441856, 584769124
972441856, 685497124
972441856, 744689521
972441856, 892754641
972441856, 975812644
972504225, 247590225
972504225, 297045225
972504225, 527529024
972566596, 266799556
972566596, 659256976
972628969, 296976289
972691344, 142993764
972691344, 367949124
972691344, 396447921
972691344, 917362944
972691344, 937461924
972753721, 377719225
972753721, 537729721
972816100, 110607289
972816100, 176810209
972816100, 600789121
972816100, 697012801
972816100, 927811600
972878481, 471888729
972940864, 204976489
972940864, 246709849
972940864, 940894276
973003249, 370293049
973003249, 473932900
973065636, 365306769
973128025, 125372809
973128025, 203718529
973128025, 250873921
973128025, 250937281
973128025, 292375801
973128025, 730891225
973128025, 801739225
973190416, 379041961
973190416, 499701316
973190416, 713904961
973190416, 913490176
973252809, 238795209
973252809, 789329025
973252809, 927385209
973315204, 343917025
973315204, 734139025
973377601, 733109776
973502401, 320517409
973502401, 327501409
973502401, 437019025
973502401, 503912704
973502401, 504137209
973502401, 731540209
973502401, 734952100
973564804, 403487569
973564804, 409738564
973564804, 744580369
973564804, 754436089
973564804, 763859044
973564804, 935870464
973752025, 297735025
973814436, 133679844
973814436, 174398436
973814436, 368179344
973814436, 373146489
973814436, 397643481
973814436, 413837649
973814436, 418734369
973814436, 438734916
973814436, 741363984
973814436, 843147369
973876849, 367987489
974001681, 107184609
974001681, 116704809
974001681, 118004769
974001681, 149817600
974001681, 161798400
974001681, 167184900
974001681, 168974001
974001681, 174160809
974001681, 187964100
974001681, 941876100
974001681, 948701601
974064100, 649740100
974126521, 121925764
974126521, 124567921
974126521, 141967225
974126521, 167521249
974126521, 176491225
974126521, 215972416
974126521, 291521476
974126521, 295461721
974126521, 712142596
974126521, 712516249
974126521, 769452121
974188944, 448719489
974188944, 488719449
974251369, 235499716
974251369, 312794596
974251369, 319765924
974251369, 519247369
974251369, 639179524
974251369, 793492561
974313796, 331749796
974313796, 377991364
974313796, 379743169
974376225, 275327649
974376225, 542237796
974376225, 547279236
974376225, 573267249
974376225, 574273296
974376225, 762753924
974376225, 772395264
974376225, 775232649
974438656, 389746564
974438656, 656794384
974438656, 759663844
974438656, 854743696
974563524, 535274496
974563524, 549527364
974563524, 635947524
974563524, 935625744
974625961, 415629769
974625961, 456976129
974625961, 654796921
974625961, 695746129
974625961, 795691264
974688400, 844076809
974750841, 175748049
974750841, 197458704
974750841, 417507489
974750841, 574417089
974750841, 758947401
974750841, 940771584
974813284, 132894784
974813284, 183927844
974813284, 239878144
974813284, 318872449
974813284, 387814249
974813284, 421398784
974813284, 439782841
974813284, 493817284
974813284, 839782441
974938176, 199487376
974938176, 319479876
974938176, 348979761
974938176, 487791396
974938176, 716739984
974938176, 934891776
975063076, 736579600
975125529, 125955729
975187984, 919787584
975250441, 154952704
975250441, 174055249
975250441, 450415729
975250441, 512705449
975250441, 571449025
975312900, 137592900
975312900, 190357209
975312900, 309795201
975312900, 395970201
975312900, 519703209
975500289, 995087025
975562756, 277655569
975562756, 657255769
975687696, 569967876
975687696, 598976676
975687696, 776569689
975687696, 798966756
975687696, 857669796
975687696, 986776569
975812644, 148254976
975812644, 164275489
975812644, 169572484
975812644, 192876544
975812644, 194825764
975812644, 418529764
975812644, 484572169
975812644, 564917824
975812644, 584769124
975812644, 685497124
975812644, 744689521
975812644, 892754641
975812644, 972441856
975937600, 976375009
976000081, 106708900
976000081, 176890000
976000081, 187690000
976000081, 789610000
976000081, 798006001
976000081, 817960000
976062564, 649026576
976062564, 667964025
976125049, 179694025
976125049, 295014976
976125049, 427910596
976125049, 492795601
976125049, 497156209
976125049, 499567201
976125049, 610979524
976125049, 691795204
976125049, 692795041
976125049, 697540921
976125049, 704159296
976125049, 795296401
976187536, 165739876
976187536, 167857936
976187536, 356718769
976187536, 581967376
976187536, 586317796
976187536, 596873761
976187536, 758671936
976187536, 763195876
976187536, 773618596
976187536, 785736961
976187536, 797836516
976187536, 857376961
976250025, 257506209
976250025, 275029056
976250025, 297562500
976250025, 522579600
976250025, 657922500
976250025, 700925625
976312516, 112635769
976312516, 361912576
976312516, 576912361
976312516, 761539216
976375009, 975937600
976437504, 365077449
976437504, 397045476
976437504, 404975376
976437504, 437479056
976437504, 457403769
976437504, 459073476
976437504, 539447076
976437504, 740547369
976437504, 750376449
976437504, 957407364
976500001, 179560000
976562500, 276556900
976562500, 506970256
976625001, 152769600
976625001, 172659600
976625001, 196700625
976625001, 265070961
976625001, 270569601
976625001, 625700196
976625001, 671069025
976625001, 716900625
976625001, 960752016
976687504, 707985664
976812516, 118526769
976812516, 152176896
976812516, 251761689
976812516, 295186761
976812516, 615982761
976812516, 675116289
976812516, 716258169
976812516, 817216569
976812516, 897661521
976875025, 769785025
976875025, 779805625
976875025, 867597025
977062564, 429567076
977062564, 527069764
977062564, 767456209
977125081, 170589721
977125081, 259177801
977125081, 517972081
977250121, 172791025
977250121, 512977201
977312644, 244797316
977312644, 397244761
977312644, 421973764
977312644, 429774361
977375169, 775399716
977500225, 205779025
977500225, 279057025
977500225, 927507025
977625289, 279658729
977625289, 922579876
977750361, 377097561
977750361, 771395076
977812900, 700819729
977812900, 718079209
978000529, 587092900
978000529, 899700025
978125625, 128527569
978125625, 275128569
978125625, 589761225
978125625, 726895521
978125625, 785961225
978250729, 209757289
978313284, 213978384
978313284, 387184329
978313284, 732893184
978313284, 938748321
978375841, 379158784
978438400, 804970384
978438400, 874384900
978500961, 791859600
978500961, 971568900
978563524, 234579856
978563524, 257859364
978563524, 385572496
978626089, 682097689
978626089, 807866929
978751225, 157879225
978751225, 785512729
978751225, 791578225
978813796, 897781369
978876369, 793886976
979001521, 195972001
979064100, 409091076
979064100, 490179600
979126681, 198697216
979189264, 469718929
979189264, 698174929
979189264, 997864921
979251849, 157929489
979251849, 599417289
979251849, 989794521
979314436, 134397649
979314436, 194379364
979314436, 493417369
979314436, 499343716
979314436, 993447361
979439616, 194769936
979439616, 699179364
979502209, 502790929
979502209, 509720929
979564804, 405498769
979564804, 478909456
979564804, 647549809
979564804, 804459769
979564804, 849547609
979627401, 170929476
979627401, 217769049
979627401, 270174969
979627401, 697910724
979627401, 706974921
979627401, 776904129
979752601, 109767529
979752601, 215707969
979752601, 219750976
979752601, 750979216
979815204, 150479289
979815204, 154927809
979815204, 197205849
979815204, 198725409
979815204, 417998025
979815204, 590927481
979815204, 879419025
979815204, 989417025
979815204, 994708521
979940416, 469979041
980003025, 235008900
980003025, 325080900
980003025, 398002500
980128249, 802418929
980128249, 889292041
980190864, 409698081
980190864, 894069801
980190864, 899460081
980190864, 908841609
980253481, 188430529
980253481, 230189584
980253481, 258309184
980253481, 329458801
980253481, 858314209
980316100, 310816900
980378721, 297873081
980441344, 140944384
980441344, 143089444
980441344, 438944401
980503969, 395890609
980503969, 593896900
980566596, 568965609
980566596, 860659569
980566596, 986965056
980629225, 226592809
980629225, 986902225
980691856, 861598609
980754489, 798458049
980754489, 857494089
980754489, 885479049
980817124, 124701889
980817124, 172948801
980817124, 184987201
980817124, 278189041
980817124, 780811249
980817124, 789104281
980817124, 807184921
980817124, 881971204
980817124, 988410721
980879761, 107889769
980879761, 780978916
980942400, 209004849
980942400, 480924900
980942400, 809004249
981005041, 495018001
981067684, 148766809
981067684, 166978084
981067684, 186704896
981067684, 476810896
981067684, 480968761
981067684, 641760889
981067684, 748186609
981067684, 886491076
981130329, 938013129
981192976, 769119289
981255625, 156825529
981255625, 521528569
981255625, 892515625
981318276, 261371889
981318276, 281937681
981318276, 831687921
981380929, 109893289
981443584, 195384484
981506241, 112084569
981506241, 119508624
981506241, 141205689
981506241, 159820164
981506241, 191684025
981506241, 205119684
981506241, 286591041
981506241, 294156801
981506241, 489250161
981506241, 529184016
981506241, 914820516
981506241, 956108241
981631561, 183169156
981631561, 316519681
981631561, 651831961
981694224, 169442289
981694224, 249861249
981694224, 289442169
981694224, 296941824
981694224, 299428416
981694224, 491242896
981694224, 682149924
981694224, 894249216
981694224, 912462849
981694224, 942981264
981882225, 288218529
981882225, 528218289
981882225, 882981225
981882225, 982258281
981944896, 941998864
982007569, 200958976
982007569, 768952900
982007569, 792985600
982070244, 220879044
982070244, 247024089
982070244, 287404209
982070244, 427248900
982070244, 740220849
982132921, 229189321
982132921, 318229921
982132921, 329821921
982195600, 216590089
982195600, 598291600
982195600, 815902096
982258281, 288218529
982258281, 528218289
982258281, 882981225
982258281, 981882225
982320964, 220938496
982320964, 299082436
982320964, 429028369
982320964, 932264089
982383649, 649383289
982383649, 943288369
982446336, 336428964
982446336, 396328464
982446336, 463842369
982446336, 824436369
982571716, 125978176
982571716, 167987521
982571716, 719258761
982571716, 721781956
982571716, 918756721
982571716, 928177156
982634409, 244390689
982634409, 290463849
982634409, 438609249
982634409, 483692049
982634409, 494306289
982634409, 496309284
982634409, 829094436
982697104, 147209689
982697104, 172869904
982697104, 187909264
982697104, 196897024
982697104, 197908624
982697104, 461089729
982697104, 480617929
982697104, 690217984
982697104, 712996804
982697104, 829497601
982697104, 996728041
982759801, 189805729
982759801, 508998721
982759801, 789891025
982759801, 985897201
982822500, 298080225
982885201, 108889225
982947904, 299047849
982947904, 987404929
983010609, 108993600
983010609, 309900816
983010609, 610930089
983010609, 813960900
983010609, 960938001
983073316, 303839761
983136025, 102353689
983136025, 133980625
983136025, 138603529
983136025, 139830625
983136025, 183250369
983136025, 195832036
983136025, 233508961
983136025, 316235089
983136025, 385690321
983136025, 386319025
983136025, 508231936
983136025, 583029316
983136025, 623351089
983136025, 820593316
983136025, 833650129
983136025, 850363921
983198736, 173369889
983198736, 371988369
983261449, 136492489
983261449, 142396489
983261449, 189392644
983261449, 328914496
983261449, 329168449
983261449, 613949284
983261449, 834169924
983261449, 919423684
983261449, 949132864
983386881, 388838961
983449600, 304048969
983449600, 308494096
983449600, 496398400
983449600, 689430049
983449600, 834400996
983449600, 836944900
983449600, 903844096
983512321, 135932281
983512321, 893113225
983575044, 550934784
983575044, 554743809
983575044, 705539844
983575044, 745453809
983700496, 489736900
983700496, 699708304
983700496, 708304996
983700496, 937400689
983700496, 963047089
983763225, 582932736
983951424, 149523984
983951424, 189943524
983951424, 219543489
983951424, 314459289
983951424, 429359841
983951424, 435849129
983951424, 541399824
983951424, 931592484
984014161, 104611984
984014161, 109641841
984014161, 114019684
984014161, 141681409
984014161, 419061841
984014161, 618119044
984014161, 869011441
984139641, 114639849
984139641, 116899344
984139641, 119639844
984139641, 139641489
984139641, 191434896
984139641, 431849961
984139641, 941139684
984202384, 248283049
984202384, 308248249
984202384, 408322849
984202384, 420988324
984202384, 443228809
984202384, 829324804
984265129, 126945289
984265129, 148522969
984265129, 152942689
984265129, 216295849
984265129, 265918249
984265129, 492129856
984265129, 492218596
984265129, 654182929
984265129, 922154689
984265129, 951228964
984327876, 372798864
984327876, 378847296
984327876, 479872836
984327876, 638977284
984327876, 648873729
984327876, 678237849
984327876, 872847936
984390625, 246395809
984390625, 468939025
984390625, 496532089
984390625, 608954329
984390625, 832495609
984390625, 852990436
984453376, 659873344
984516129, 125148969
984516129, 145298916
984516129, 159289641
984516129, 461519289
984516129, 519429681
984641641, 144696841
984641641, 841696144
984704400, 440874009
984704400, 947408400
984767161, 714867169
984767161, 766791481
984767161, 794168761
984767161, 917847616
984892689, 988284969
985018225, 188925025
985018225, 502521889
985018225, 582981025
985018225, 852815209
985080996, 500998689
985080996, 509088969
985143769, 139759684
985143769, 147938569
985143769, 184579396
985143769, 199543876
985143769, 369715984
985143769, 391485796
985143769, 594189376
985143769, 598193764
985143769, 814759936
985143769, 853749961
985143769, 971693584
985206544, 498405625
985206544, 549058624
985206544, 905528464
985269321, 136258929
985269321, 235192896
985269321, 268599321
985269321, 359822961
985269321, 592386921
985269321, 681993225
985269321, 819963225
985269321, 892635129
985269321, 912825369
985269321, 959822361
985332100, 103938025
985332100, 138532900
985394881, 359898841
985457664, 469675584
985457664, 476854569
985457664, 545876496
985520449, 254945089
985520449, 544989025
985520449, 559890244
985520449, 948455209
985583236, 389825536
985646025, 265950864
985646025, 269485056
985646025, 285069456
985646025, 456890625
985646025, 469805625
985646025, 526564809
985646025, 549668025
985646025, 645820569
985646025, 665485209
985646025, 684502569
985646025, 694586025
985646025, 968205456
985771609, 159087769
985771609, 719097856
985771609, 759167809
985771609, 957716809
985834404, 345848409
985834404, 834805449
985834404, 884943504
985897201, 189805729
985897201, 508998721
985897201, 789891025
985897201, 982759801
985960000, 998560000
986022801, 269288100
986148409, 499880164
986148409, 810996484
986211216, 121286169
986211216, 121682961
986211216, 169286121
986211216, 192682161
986211216, 218921616
986211216, 912281616
986211216, 961682121
986274025, 287065249
986274025, 425720689
986274025, 428697025
986274025, 470282596
986274025, 672520489
986274025, 748296025
986399649, 999634689
986462464, 246866944
986462464, 424689664
986462464, 466862449
986525281, 629558281
986525281, 851822596
986588100, 688590081
986588100, 856089081
986650921, 190826596
986650921, 198669025
986650921, 662599081
986650921, 801625969
986713744, 377641489
986713744, 387144976
986713744, 489471376
986713744, 743761984
986776569, 569967876
986776569, 598976676
986776569, 776569689
986776569, 798966756
986776569, 857669796
986776569, 975687696
986902225, 226592809
986902225, 980629225
986965056, 568965609
986965056, 860659569
986965056, 980566596
987027889, 278789809
987027889, 287879089
987090724, 280797049
987090724, 787924900
987153561, 511935876
987153561, 571831569
987216400, 124768900
987216400, 208109476
987216400, 726140809
987216400, 728946001
987216400, 897062401
987216400, 924768100
987279241, 249987721
987342084, 209438784
987342084, 328987044
987342084, 387420489
987342084, 442387089
987342084, 480398724
987404929, 299047849
987404929, 982947904
987467776, 767677849
987467776, 777684769
987530625, 287505936
987530625, 320875569
987530625, 358572096
987530625, 368755209
987530625, 389075625
987530625, 673558209
987530625, 739568025
987593476, 394975876
987593476, 879537649
987593476, 958397764
987656329, 523768996
987656329, 596678329
987656329, 938625769
987782041, 708784129
987782041, 709742881
987782041, 792478801
987782041, 871902784
987970624, 867479209
988284969, 984892689
988410721, 124701889
988410721, 172948801
988410721, 184987201
988410721, 278189041
988410721, 780811249
988410721, 789104281
988410721, 807184921
988410721, 881971204
988410721, 980817124
988473600, 367488900
988473600, 768398400
988473600, 783608049
988536481, 354681889
988536481, 416853889
988536481, 588984361
988536481, 615883489
988536481, 868539841
988536481, 889351684
988662249, 884229696
988725136, 123587689
988725136, 128958736
988725136, 238578916
988725136, 251983876
988725136, 721835689
988725136, 789385216
988725136, 851238976
988788025, 802758889
988850916, 851880969
988976704, 687907984
988976704, 889470976
989039601, 108930969
989039601, 938196900
989102500, 109098025
989102500, 805992100
989165401, 118504996
989165401, 149059681
989165401, 410589169
989228304, 289238049
989228304, 898920324
989354116, 198415396
989354116, 381459961
989354116, 591316489
989417025, 150479289
989417025, 154927809
989417025, 197205849
989417025, 198725409
989417025, 417998025
989417025, 590927481
989417025, 879419025
989417025, 979815204
989417025, 994708521
989479936, 793999684
989605764, 475806969
989605764, 568679409
989605764, 640798596
989605764, 665794809
989605764, 805764996
989605764, 806957649
989605764, 894967056
989731600, 318979600
989731600, 913067089
989794521, 157929489
989794521, 599417289
989794521, 979251849
989983296, 892993689
990109156, 191905609
990109156, 195916009
990172089, 917908209
990172089, 927019809
990172089, 997928100
990235024, 399400225
990235024, 903904225
990235024, 909324025
990235024, 939422500
990297961, 997106929
990423841, 124389409
990423841, 130484929
990423841, 182439049
990423841, 381499024
990423841, 390892441
990423841, 399120484
990423841, 418939024
990423841, 449312809
990423841, 481934209
990423841, 498093124
990423841, 832149409
990423841, 914034289
990423841, 930982144
990486784, 786409849
990486784, 878944609
990549729, 597949209
990612676, 661209796
990675625, 275659609
990675625, 557620996
990675625, 679905625
990738576, 570397689
990738576, 739078596
990738576, 958707369
990864484, 940464889
990927441, 949071249
991116324, 192349161
991116324, 619113924
991116324, 932141961
991179289, 997991281
991242256, 412699225
991242256, 912946225
991305225, 109935225
991305225, 152399025
991305225, 293951025
991368196, 916938961
991620100, 690112900
991683081, 119836809
991683081, 136819809
991683081, 193098816
991683081, 199063881
991683081, 309161889
991683081, 319801689
991683081, 936910881
991746064, 749609641
991746064, 944701696
991809049, 149989009
991809049, 190909489
991872036, 109683729
991872036, 173290896
991872036, 209178369
991872036, 209873169
991872036, 287099136
991872036, 298391076
991872036, 318729609
991872036, 382710969
991872036, 679801329
991872036, 793210896
991872036, 998307216
991935025, 395095129
992061009, 192099600
992124004, 124992400
992124004, 209902144
992124004, 902942401
992187001, 929701081
992250000, 225090009
992250000, 225900900
992250000, 900900225
992250000, 909022500
992313001, 132319009
992376004, 279090436
992376004, 462379009
992376004, 637209049
992376004, 967023409
992502016, 109265209
992502016, 160909225
992502016, 690901225
992565025, 599025625
992691049, 199204996
992754064, 240994576
992754064, 404572996
992754064, 449567209
992754064, 499746025
992754064, 509946724
992754064, 597460249
992817081, 128799801
992817081, 211789809
992817081, 870899121
992817081, 918271809
992880100, 909082801
992943121, 213949129
992943121, 299913124
993006144, 140493609
993006144, 319694400
993006144, 369100944
993006144, 394419600
993006144, 414936900
993006144, 930494016
993069169, 699390916
993132196, 193961329
993132196, 291931396
993195225, 599123529
993195225, 999255321
993258256, 298356529
993258256, 369985225
993258256, 859369225
993258256, 895625329
993258256, 993825625
993447361, 134397649
993447361, 194379364
993447361, 493417369
993447361, 499343716
993447361, 979314436
993573441, 395731449
993636484, 634384969
993762576, 236759769
993762576, 297769536
993762576, 369677529
993762576, 526977936
993762576, 677925369
993762576, 769729536
993762576, 773562969
993762576, 796763529
993762576, 927567936
993762576, 956293776
993825625, 298356529
993825625, 369985225
993825625, 859369225
993825625, 895625329
993825625, 993258256
994014784, 178409449
994014784, 470499481
994014784, 474019984
994014784, 789441409
994077841, 499477801
994077841, 778019449
994077841, 997801744
994140900, 409941009
994203961, 249039961
994203961, 304991296
994203961, 340919296
994203961, 396129409
994267024, 227949604
994267024, 264940729
994267024, 290429764
994267024, 442976209
994267024, 497602249
994267024, 720492964
994267024, 904926724
994267024, 942674209
994330089, 303909489
994393156, 935931649
994456225, 242954569
994456225, 296459524
994456225, 949564225
994456225, 955242649
994519296, 916999524
994582369, 329894569
994582369, 996854329
994708521, 150479289
994708521, 154927809
994708521, 197205849
994708521, 198725409
994708521, 417998025
994708521, 590927481
994708521, 879419025
994708521, 979815204
994708521, 989417025
994771600, 790790641
994834681, 134884996
994834681, 144889369
994834681, 698439184
994834681, 849489316
994897764, 496977849
995023936, 390299536
995087025, 975500289
995150116, 119159056
995276304, 257409936
995276304, 263997504
995276304, 290975364
995276304, 470325969
995276304, 520934976
995276304, 703469529
995276304, 724309569
995276304, 730945296
995276304, 732405969
995276304, 749390625
995402500, 255904009
995402500, 549902500
995465601, 146095569
995465601, 699655401
995528704, 557809924
995528704, 794958025
995528704, 855972049
995654916, 599564196
995718025, 550981729
995781136, 518973961
995781136, 598731961
995781136, 817159396
995844249, 458944929
995907364, 493995076
996033600, 603390096
996096721, 699761209
996159844, 498941569
996159844, 946915984
996159844, 959698441
996412356, 325946916
996412356, 346965129
996538624, 346592689
996538624, 485629369
996538624, 548636929
996601761, 601769961
996664900, 646990096
996728041, 147209689
996728041, 172869904
996728041, 187909264
996728041, 196897024
996728041, 197908624
996728041, 461089729
996728041, 480617929
996728041, 690217984
996728041, 712996804
996728041, 829497601
996728041, 982697104
996791184, 179184996
996791184, 199741689
996791184, 418979961
996791184, 799814961
996791184, 971194896
996791184, 998117649
996854329, 329894569
996854329, 994582369
996917476, 741799696
996980625, 609299856
996980625, 906852996
996980625, 966899025
997106929, 990297961
997170084, 701879049
997233241, 239413729
997233241, 392317249
997296400, 760490929
997296400, 946792900
997612225, 179962225
997612225, 759222916
997801744, 499477801
997801744, 778019449
997801744, 994077841
997864921, 469718929
997864921, 698174929
997864921, 979189264
997928100, 917908209
997928100, 927019809
997928100, 990172089
997991281, 991179289
998054464, 890544964
998117649, 179184996
998117649, 199741689
998117649, 418979961
998117649, 799814961
998117649, 971194896
998117649, 996791184
998180836, 398681089
998180836, 830188969
998244025, 254498209
998244025, 459802249
998244025, 489205924
998244025, 950982244
998307216, 109683729
998307216, 173290896
998307216, 209178369
998307216, 209873169
998307216, 287099136
998307216, 298391076
998307216, 318729609
998307216, 382710969
998307216, 679801329
998307216, 793210896
998307216, 991872036
998433604, 338044996
998433604, 338449609
998433604, 349390864
998496801, 198894609
998560000, 985960000
998623201, 302899216
998623201, 310922689
998623201, 839202961
998686404, 660849849
998686404, 846984609
998686404, 848906496
998876025, 257698809
998876025, 298805796
998876025, 807298569
998876025, 889590276
999002449, 494929009
999065664, 499656609
999065664, 669049956
999255321, 599123529
999255321, 993195225
999318544, 349951849
999318544, 439195849
999318544, 893591449
999634689, 986399649
999697924, 749992996
999761161, 119617969
999824400, 820994409
999824400, 908299044
999887641, 796819984
